"","X","deltachange"
"1",34583,0
"2",34584,0
"3",34585,0
"4",35300,0
"5",35301,0
"6",35302,0
"7",35303,0
"8",35304,0
"9",35305,0
"10",35306,0
"11",35307,0
"12",35308,0
"13",36018,0
"14",36019,0
"15",36020,0
"16",36021,0
"17",36022,0
"18",36023,0
"19",36024,0
"20",36025,0
"21",36026,0
"22",36027,0
"23",36028,0
"24",36029,0
"25",36031,0
"26",36032,0
"27",36033,-1.0000000000001
"28",36034,-1.0000000000002
"29",36035,0
"30",36036,0
"31",36037,0
"32",36038,0
"33",36039,0
"34",36736,-1
"35",36737,-1
"36",36738,-1.0000000000001
"37",36739,0
"38",36740,0
"39",36741,0
"40",36742,0
"41",36743,0
"42",36744,0
"43",36745,0
"44",36746,0
"45",36747,0
"46",36748,0
"47",36749,0
"48",36750,0
"49",36751,0
"50",36752,0
"51",36753,-1.0000000000002
"52",36754,-3.0000000000002
"53",36755,-2
"54",36756,0
"55",36757,0
"56",36758,0
"57",36759,0
"58",37454,-1
"59",37455,0
"60",37456,0
"61",37457,-2.0000000000004
"62",37458,0
"63",37459,-1
"64",37460,0
"65",37461,0
"66",37462,0
"67",37463,-1
"68",37464,0
"69",37465,0
"70",37466,0
"71",37467,-2.0000000000002
"72",37468,0
"73",37469,-1
"74",37470,0
"75",37471,-1.0000000000003
"76",37472,0
"77",37473,0
"78",37474,0
"79",37475,-3.0000000000005
"80",37476,0
"81",37477,-1
"82",37478,0
"83",37479,0
"84",38172,-2
"85",38173,-1.0000000000001
"86",38174,-2
"87",38175,-1.0000000000001
"88",38176,0
"89",38177,-1
"90",38178,0
"91",38179,-1.0000000000001
"92",38180,-1
"93",38181,0
"94",38182,0
"95",38183,0
"96",38184,0
"97",38185,0
"98",38186,-1.0000000000001
"99",38187,-1
"100",38188,-2.0000000000002
"101",38189,-1
"102",38190,0
"103",38191,0
"104",38192,0
"105",38193,-1.0000000000001
"106",38194,-2.0000000000001
"107",38195,-2.0000000000002
"108",38196,-1
"109",38197,0
"110",38890,-3.0000000000002
"111",38891,0
"112",38892,-1.0000000000001
"113",38893,-1
"114",38894,-1.0000000000002
"115",38895,-2.0000000000003
"116",38896,0
"117",38897,-2.0000000000002
"118",38898,0
"119",38899,0
"120",38900,0
"121",38901,-1.0000000000002
"122",38902,0
"123",38903,0
"124",38904,0
"125",38905,0
"126",38906,-2
"127",38907,0
"128",38908,0
"129",38909,0
"130",38910,-1.0000000000001
"131",38911,-1.0000000000002
"132",39608,0
"133",39609,0
"134",39610,-1
"135",39611,-1.0000000000001
"136",39612,0
"137",39613,0
"138",39614,-2.0000000000005
"139",39615,-1.0000000000002
"140",39616,-1
"141",39617,-2.0000000000003
"142",39618,0
"143",39619,0
"144",39620,0
"145",39621,0
"146",39622,-2.0000000000003
"147",39623,-1.0000000000001
"148",39624,-1.0000000000003
"149",39625,-1.0000000000002
"150",39626,-2.0000000000003
"151",39627,0
"152",39628,-1.0000000000001
"153",39629,-2.0000000000003
"154",39630,0
"155",40326,-1.0000000000001
"156",40327,-1.0000000000001
"157",40328,0
"158",40329,0
"159",40330,0
"160",40331,0
"161",40332,-1.0000000000002
"162",40333,-1.0000000000001
"163",40334,-1.0000000000001
"164",40335,-1.0000000000002
"165",40336,0
"166",40337,-4.0000000000004
"167",40338,0
"168",40339,-2
"169",40340,-1
"170",40341,0
"171",40342,0
"172",40343,-1
"173",40344,0
"174",40345,-2.0000000000002
"175",40346,-1.0000000000002
"176",40347,0
"177",40348,-1.0000000000002
"178",40349,-1.0000000000001
"179",41044,-1.00000000000002
"180",41045,-1.0000000000002
"181",41046,-1
"182",41047,-2.0000000000003
"183",41048,-1.0000000000001
"184",41049,-1
"185",41050,-1.0000000000001
"186",41051,-1.0000000000001
"187",41052,-3.0000000000003
"188",41053,0
"189",41054,-1.0000000000001
"190",41055,-2.0000000000002
"191",41056,-1.0000000000001
"192",41057,-3.0000000000003
"193",41058,-2.0000000000001
"194",41059,0
"195",41060,-1.0000000000001
"196",41061,0
"197",41062,-1.0000000000001
"198",41063,0
"199",41064,-3.0000000000005
"200",41065,-1.0000000000001
"201",41066,0
"202",41067,-1.0000000000002
"203",41068,-1.0000000000001
"204",41069,-1.0000000000001
"205",41070,-2.0000000000001
"206",41098,0
"207",41099,-3.0000000000002
"208",41100,0
"209",41101,0
"210",41102,0
"211",41104,-2.0000000000002
"212",41105,-1.0000000000001
"213",41106,0
"214",41107,-2
"215",41108,-1.0000000000001
"216",41762,0
"217",41763,0
"218",41764,0
"219",41765,0
"220",41766,0
"221",41767,0
"222",41768,0
"223",41769,-1.0000000000002
"224",41770,-2
"225",41771,0
"226",41772,0
"227",41773,-1.0000000000003
"228",41774,-1.0000000000002
"229",41775,0
"230",41776,0
"231",41777,-1
"232",41778,-2.0000000000001
"233",41779,0
"234",41780,-1.0000000000001
"235",41781,-1
"236",41782,-1
"237",41783,0
"238",41784,0
"239",41785,-1.0000000000001
"240",41786,0
"241",41787,0
"242",41788,0
"243",41789,-1.0000000000002
"244",41790,-2.0000000000001
"245",41791,0
"246",41816,0
"247",41817,-1
"248",41818,-1.0000000000001
"249",41819,0
"250",41820,0
"251",41821,0
"252",41822,-3.0000000000003
"253",41823,0
"254",41824,0
"255",41825,0
"256",41826,-2.0000000000001
"257",41827,-3.0000000000004
"258",41828,-1.0000000000002
"259",41829,-1.0000000000002
"260",42481,0
"261",42482,0
"262",42483,0
"263",42484,0
"264",42485,0
"265",42486,0
"266",42487,0
"267",42488,-1.0000000000001
"268",42489,0
"269",42490,0
"270",42491,0
"271",42492,-2.0000000000001
"272",42493,-1
"273",42494,0
"274",42495,0
"275",42496,0
"276",42497,-2.0000000000003
"277",42498,-2.0000000000002
"278",42499,-1.0000000000002
"279",42500,-1
"280",42501,-1.0000000000001
"281",42502,0
"282",42503,-1.0000000000002
"283",42504,-1.0000000000001
"284",42505,0
"285",42506,0
"286",42507,0
"287",42508,0
"288",42509,0
"289",42510,-1.0000000000001
"290",42511,0
"291",42512,0
"292",42516,0
"293",42535,-1
"294",42536,0
"295",42537,-2.0000000000003
"296",42538,-1.0000000000001
"297",42544,-1.0000000000001
"298",42545,-2
"299",42546,-2.0000000000004
"300",42547,0
"301",42548,-2.0000000000002
"302",42549,-1.0000000000002
"303",42550,-1.0000000000002
"304",42551,0
"305",42552,-2.0000000000002
"306",42553,0
"307",42554,0
"308",42555,-1.0000000000002
"309",42556,-2.0000000000002
"310",42557,0
"311",42558,-1.0000000000001
"312",42561,0
"313",42562,0
"314",43201,0
"315",43202,0
"316",43203,-1
"317",43204,-2.0000000000002
"318",43205,0
"319",43206,-1.0000000000002
"320",43207,-1.0000000000001
"321",43208,-1.0000000000001
"322",43209,-1.0000000000001
"323",43210,0
"324",43211,0
"325",43212,0
"326",43213,0
"327",43214,0
"328",43215,-1.0000000000001
"329",43216,-1.0000000000001
"330",43217,-1.0000000000003
"331",43218,0
"332",43219,-1.0000000000002
"333",43220,-1
"334",43221,0
"335",43222,0
"336",43223,-1
"337",43224,0
"338",43225,0
"339",43226,-1.0000000000001
"340",43227,-1
"341",43228,-1.0000000000002
"342",43229,-2.0000000000001
"343",43230,0
"344",43231,-1.0000000000002
"345",43232,-1.0000000000002
"346",43233,0
"347",43234,-2.0000000000002
"348",43235,-2
"349",43236,-1
"350",43237,-1.0000000000001
"351",43253,-1
"352",43254,-2.0000000000003
"353",43255,-1.0000000000001
"354",43256,0
"355",43257,-1.0000000000001
"356",43258,-3.0000000000004
"357",43259,0
"358",43260,-2.0000000000001
"359",43261,0
"360",43262,0
"361",43263,0
"362",43264,0
"363",43265,0
"364",43266,0
"365",43267,-1.0000000000003
"366",43268,0
"367",43269,-2.0000000000003
"368",43270,0
"369",43271,-1
"370",43272,-3.0000000000002
"371",43273,0
"372",43274,0
"373",43275,0
"374",43276,-1.0000000000003
"375",43277,-3.0000000000002
"376",43278,-3.0000000000002
"377",43279,-1.0000000000001
"378",43280,-2.0000000000002
"379",43281,-3.0000000000002
"380",43282,-1.0000000000001
"381",43922,0
"382",43923,0
"383",43924,0
"384",43925,-1.0000000000003
"385",43926,-1.0000000000002
"386",43927,-2
"387",43928,0
"388",43929,0
"389",43930,-1.0000000000003
"390",43931,-1
"391",43932,-1
"392",43933,-1.0000000000002
"393",43934,-1.0000000000003
"394",43935,0
"395",43936,0
"396",43937,0
"397",43938,0
"398",43939,-1
"399",43940,-1.0000000000003
"400",43941,0
"401",43942,0
"402",43943,-1
"403",43944,0
"404",43945,-3.0000000000001
"405",43946,0
"406",43947,-2
"407",43948,-2.0000000000003
"408",43949,-1.0000000000002
"409",43950,0
"410",43951,0
"411",43952,-1.0000000000002
"412",43953,0
"413",43954,-1.0000000000002
"414",43955,-2.0000000000005
"415",43956,-2.0000000000002
"416",43957,-1
"417",43959,0
"418",43960,0
"419",43964,0
"420",43972,-2.0000000000002
"421",43973,-2.0000000000003
"422",43974,0
"423",43975,-1.0000000000002
"424",43976,-1
"425",43977,-3.0000000000002
"426",43978,-2.0000000000002
"427",43979,-1
"428",43980,-1.0000000000001
"429",43981,-2.0000000000003
"430",43982,-1
"431",43983,0
"432",43984,-1
"433",43985,-1
"434",43986,-1.0000000000003
"435",43987,-3.0000000000003
"436",43988,0
"437",43989,0
"438",43990,-1.00000000000003
"439",43991,0
"440",43992,0
"441",43993,0
"442",43994,0
"443",43995,0
"444",43996,0
"445",43997,0
"446",43998,0
"447",43999,-3.0000000000005
"448",44000,-1.0000000000001
"449",44001,-1.0000000000001
"450",44002,-1.0000000000001
"451",44003,0
"452",44004,-2.0000000000002
"453",44007,0
"454",44008,0
"455",44009,0
"456",44010,0
"457",44643,0
"458",44644,-1.0000000000001
"459",44645,0
"460",44646,0
"461",44647,0
"462",44648,0
"463",44649,-1.0000000000002
"464",44650,0
"465",44651,0
"466",44652,0
"467",44653,0
"468",44654,0
"469",44655,0
"470",44656,0
"471",44657,0
"472",44658,0
"473",44659,-1
"474",44660,-2
"475",44661,-1
"476",44662,-1
"477",44663,-1.0000000000002
"478",44664,-1.0000000000001
"479",44665,-2.0000000000001
"480",44666,0
"481",44667,0
"482",44668,0
"483",44669,-1.0000000000001
"484",44670,-2.0000000000004
"485",44671,0
"486",44672,-2.0000000000002
"487",44673,-1
"488",44674,-2.0000000000001
"489",44675,0
"490",44676,-1.0000000000002
"491",44677,-1.0000000000002
"492",44678,-1
"493",44679,-1
"494",44680,-1.0000000000002
"495",44681,-3.0000000000002
"496",44682,-1.0000000000001
"497",44683,-1.0000000000003
"498",44684,0
"499",44685,-1.0000000000002
"500",44686,-1.0000000000001
"501",44687,0
"502",44693,-1.0000000000001
"503",44694,0
"504",44695,0
"505",44696,0
"506",44697,-1.0000000000003
"507",44698,0
"508",44699,0
"509",44700,0
"510",44701,-3.0000000000005
"511",44702,0
"512",44703,-1.0000000000001
"513",44704,0
"514",44705,0
"515",44706,0
"516",44707,0
"517",44708,0
"518",44709,0
"519",44710,0
"520",44711,0
"521",44712,0
"522",44713,0
"523",44714,0
"524",44715,0
"525",44716,0
"526",44717,0
"527",44718,0
"528",44719,-1.0000000000001
"529",44720,0
"530",44721,-1.0000000000001
"531",44722,0
"532",44723,0
"533",44724,-1.0000000000002
"534",44725,0
"535",44726,0
"536",44727,-1.0000000000002
"537",44728,-1.0000000000001
"538",44729,-1.0000000000002
"539",44730,-1.0000000000001
"540",44731,-1
"541",45364,0
"542",45365,0
"543",45366,0
"544",45367,0
"545",45368,0
"546",45369,0
"547",45370,0
"548",45371,0
"549",45372,0
"550",45373,0
"551",45374,0
"552",45375,0
"553",45376,0
"554",45377,0
"555",45378,0
"556",45379,0
"557",45380,-1.0000000000001
"558",45381,0
"559",45382,0
"560",45383,0
"561",45384,0
"562",45385,-1.0000000000001
"563",45386,-1.0000000000001
"564",45387,0
"565",45388,0
"566",45389,-1.0000000000001
"567",45390,0
"568",45391,-1.0000000000001
"569",45392,-1
"570",45393,-2.0000000000002
"571",45394,-1.0000000000002
"572",45395,0
"573",45396,0
"574",45397,0
"575",45398,0
"576",45399,-1.0000000000002
"577",45400,0
"578",45401,-1.0000000000002
"579",45402,0
"580",45403,-2.0000000000003
"581",45404,-2.0000000000002
"582",45405,-1.0000000000001
"583",45406,0
"584",45411,-1.0000000000001
"585",45412,0
"586",45413,-2.0000000000003
"587",45414,-1.0000000000001
"588",45415,-1
"589",45416,0
"590",45417,-1
"591",45418,-1
"592",45419,-1.0000000000003
"593",45420,-1.0000000000003
"594",45421,-2.0000000000004
"595",45422,0
"596",45423,-1.0000000000003
"597",45424,-1.0000000000003
"598",45425,0
"599",45426,0
"600",45427,0
"601",45428,0
"602",45429,0
"603",45430,0
"604",45431,0
"605",45432,0
"606",45433,0
"607",45434,0
"608",45435,0
"609",45436,0
"610",45437,0
"611",45438,0
"612",45439,0
"613",45440,0
"614",45441,-1.0000000000002
"615",45442,-1.0000000000001
"616",45443,-1.0000000000001
"617",45444,-3.0000000000006
"618",45445,-1
"619",45446,-1.0000000000001
"620",45447,-1.0000000000002
"621",45448,-1.0000000000002
"622",45449,-1.0000000000002
"623",45450,-1.0000000000001
"624",45451,-3.0000000000002
"625",45452,-1.0000000000002
"626",45453,-2.0000000000002
"627",46085,0
"628",46086,0
"629",46087,0
"630",46088,0
"631",46089,0
"632",46090,0
"633",46091,0
"634",46092,0
"635",46093,0
"636",46094,0
"637",46095,0
"638",46096,0
"639",46097,0
"640",46098,0
"641",46099,0
"642",46100,0
"643",46101,0
"644",46102,0
"645",46103,0
"646",46104,0
"647",46105,0
"648",46106,0
"649",46107,0
"650",46108,0
"651",46109,-1.0000000000001
"652",46110,-1.0000000000001
"653",46111,-1.0000000000001
"654",46112,-1.0000000000001
"655",46113,0
"656",46114,-1.0000000000001
"657",46115,0
"658",46116,-1.0000000000001
"659",46117,0
"660",46118,0
"661",46119,-2.0000000000003
"662",46120,0
"663",46121,0
"664",46122,0
"665",46123,0
"666",46124,0
"667",46125,0
"668",46128,0
"669",46129,-2.0000000000002
"670",46130,0
"671",46131,0
"672",46132,0
"673",46133,-1.0000000000002
"674",46134,0
"675",46135,0
"676",46136,0
"677",46137,0
"678",46138,-1
"679",46139,0
"680",46140,-1.0000000000002
"681",46141,-1.0000000000002
"682",46142,-1.0000000000002
"683",46143,0
"684",46144,0
"685",46145,0
"686",46146,0
"687",46147,0
"688",46148,0
"689",46149,0
"690",46150,0
"691",46151,0
"692",46152,0
"693",46153,0
"694",46154,0
"695",46155,0
"696",46156,0
"697",46157,0
"698",46158,0
"699",46159,0
"700",46160,0
"701",46161,0
"702",46162,0
"703",46163,0
"704",46164,-1
"705",46165,-1.0000000000001
"706",46166,-1.0000000000001
"707",46167,-1
"708",46168,-3.0000000000004
"709",46169,0
"710",46170,-1.0000000000001
"711",46171,-2.0000000000003
"712",46172,-2.0000000000003
"713",46173,0
"714",46174,-1.0000000000003
"715",46175,0
"716",46807,0
"717",46808,0
"718",46809,0
"719",46810,0
"720",46811,0
"721",46812,0
"722",46813,0
"723",46814,0
"724",46815,0
"725",46816,0
"726",46817,0
"727",46818,0
"728",46819,0
"729",46820,0
"730",46821,0
"731",46822,0
"732",46823,0
"733",46824,0
"734",46825,0
"735",46826,0
"736",46827,0
"737",46828,-1
"738",46829,-1.0000000000003
"739",46830,0
"740",46831,-1
"741",46832,-1.0000000000002
"742",46833,0
"743",46834,0
"744",46835,-1.0000000000001
"745",46836,-1.0000000000002
"746",46837,0
"747",46838,-1.0000000000001
"748",46839,0
"749",46840,-1.0000000000003
"750",46841,-1.0000000000003
"751",46842,-1.0000000000003
"752",46843,-1.0000000000001
"753",46844,0
"754",46845,0
"755",46847,0
"756",46848,0
"757",46849,-1
"758",46850,0
"759",46851,0
"760",46852,0
"761",46853,-3.0000000000003
"762",46854,-1.0000000000001
"763",46855,0
"764",46856,-2.0000000000005
"765",46857,0
"766",46858,-1.0000000000001
"767",46859,-2.0000000000001
"768",46860,-1.0000000000001
"769",46861,0
"770",46862,0
"771",46863,0
"772",46864,0
"773",46865,0
"774",46866,0
"775",46867,0
"776",46868,0
"777",46869,0
"778",46870,0
"779",46871,0
"780",46872,0
"781",46873,0
"782",46874,0
"783",46875,0
"784",46876,0
"785",46877,0
"786",46878,0
"787",46879,0
"788",46880,0
"789",46881,0
"790",46882,0
"791",46883,0
"792",46884,0
"793",46885,0
"794",46886,0
"795",46887,0
"796",46888,0
"797",46889,-1.0000000000002
"798",46890,0
"799",46891,-2.0000000000001
"800",46892,-1.0000000000002
"801",46893,-1.0000000000002
"802",46894,0
"803",46895,-3.0000000000005
"804",47527,0
"805",47528,0
"806",47529,0
"807",47530,0
"808",47531,0
"809",47532,0
"810",47533,-1.0000000000002
"811",47534,-1.0000000000002
"812",47535,0
"813",47536,0
"814",47537,0
"815",47538,0
"816",47539,0
"817",47540,0
"818",47541,0
"819",47542,0
"820",47543,0
"821",47544,0
"822",47545,0
"823",47546,0
"824",47547,0
"825",47548,0
"826",47549,0
"827",47550,-1.0000000000003
"828",47551,-2.0000000000002
"829",47552,-1.0000000000001
"830",47553,0
"831",47554,-1.0000000000002
"832",47555,-1.0000000000002
"833",47556,0
"834",47557,0
"835",47558,0
"836",47559,-1.0000000000003
"837",47560,-2.0000000000002
"838",47561,-1.0000000000001
"839",47562,-2.0000000000002
"840",47563,-1
"841",47564,0
"842",47565,-1
"843",47566,0
"844",47567,0
"845",47568,-1.0000000000001
"846",47569,-1
"847",47570,0
"848",47571,0
"849",47572,0
"850",47573,0
"851",47574,0
"852",47575,-1
"853",47576,-1.0000000000001
"854",47577,0
"855",47578,0
"856",47579,0
"857",47580,0
"858",47581,0
"859",47582,0
"860",47583,0
"861",47584,0
"862",47585,0
"863",47586,0
"864",47587,0
"865",47588,0
"866",47589,0
"867",47590,0
"868",47591,0
"869",47592,0
"870",47593,0
"871",47594,0
"872",47595,0
"873",47596,0
"874",47597,0
"875",47598,0
"876",47599,0
"877",47600,0
"878",47601,0
"879",47602,0
"880",47603,0
"881",47604,0
"882",47605,0
"883",47606,0
"884",47607,0
"885",47608,-1.0000000000001
"886",47609,-1.0000000000002
"887",47610,0
"888",47611,0
"889",47612,0
"890",47613,0
"891",47614,0
"892",47615,-1.0000000000002
"893",47616,-1.0000000000001
"894",48248,0
"895",48249,0
"896",48250,0
"897",48251,0
"898",48252,0
"899",48253,0
"900",48254,0
"901",48255,0
"902",48256,0
"903",48257,0
"904",48258,-1
"905",48259,-1.0000000000001
"906",48260,0
"907",48261,0
"908",48262,0
"909",48263,0
"910",48264,0
"911",48265,0
"912",48266,0
"913",48267,0
"914",48268,-1.0000000000001
"915",48269,-1
"916",48270,0
"917",48271,-1.0000000000001
"918",48272,-1
"919",48273,-2.0000000000003
"920",48274,0
"921",48275,-1.0000000000001
"922",48276,0
"923",48277,0
"924",48278,0
"925",48279,-1
"926",48280,-2.0000000000004
"927",48283,0
"928",48284,-2.0000000000003
"929",48285,-2.0000000000002
"930",48286,0
"931",48287,0
"932",48288,0
"933",48289,-1.0000000000001
"934",48290,0
"935",48291,0
"936",48292,-1.0000000000002
"937",48293,-1
"938",48294,0
"939",48295,-1.0000000000001
"940",48296,-1.0000000000001
"941",48297,0
"942",48298,0
"943",48299,0
"944",48300,0
"945",48301,0
"946",48302,0
"947",48303,0
"948",48304,0
"949",48305,0
"950",48306,0
"951",48307,0
"952",48308,0
"953",48309,0
"954",48310,0
"955",48311,0
"956",48312,0
"957",48313,0
"958",48314,0
"959",48316,-1.00000000000021
"960",48317,0
"961",48318,0
"962",48319,0
"963",48320,0
"964",48321,0
"965",48322,0
"966",48323,0
"967",48324,0
"968",48325,0
"969",48326,0
"970",48327,0
"971",48328,0
"972",48329,0
"973",48330,0
"974",48331,0
"975",48332,0
"976",48333,-1
"977",48334,0
"978",48335,0
"979",48336,0
"980",48337,0
"981",48338,0
"982",48948,0
"983",48949,0
"984",48950,0
"985",48951,0
"986",48952,0
"987",48968,0
"988",48969,0
"989",48970,0
"990",48971,0
"991",48972,0
"992",48973,0
"993",48974,0
"994",48975,0
"995",48976,0
"996",48977,0
"997",48978,0
"998",48979,0
"999",48980,0
"1000",48981,0
"1001",48982,0
"1002",48983,0
"1003",48984,0
"1004",48985,0
"1005",48986,0
"1006",48987,0
"1007",48988,-1.0000000000003
"1008",48989,-1.0000000000003
"1009",48990,0
"1010",48991,-1
"1011",48992,0
"1012",48993,-1.0000000000001
"1013",48994,-1
"1014",48995,0
"1015",48996,-1.0000000000003
"1016",48997,0
"1017",48998,0
"1018",48999,-1.0000000000002
"1019",49000,0
"1020",49001,0
"1021",49002,-1.0000000000002
"1022",49003,0
"1023",49004,0
"1024",49005,0
"1025",49006,0
"1026",49007,0
"1027",49008,0
"1028",49009,-2.0000000000004
"1029",49010,-1.0000000000002
"1030",49011,-1.0000000000001
"1031",49012,0
"1032",49013,0
"1033",49014,0
"1034",49015,0
"1035",49016,0
"1036",49017,0
"1037",49018,0
"1038",49019,0
"1039",49020,0
"1040",49021,0
"1041",49022,0
"1042",49023,0
"1043",49024,0
"1044",49025,0
"1045",49026,0
"1046",49027,0
"1047",49037,0
"1048",49038,0
"1049",49039,0
"1050",49040,0
"1051",49041,0
"1052",49042,0
"1053",49043,0
"1054",49044,0
"1055",49045,0
"1056",49046,0
"1057",49047,0
"1058",49048,0
"1059",49049,0
"1060",49050,-2.0000000000003
"1061",49051,0
"1062",49052,0
"1063",49053,0
"1064",49054,0
"1065",49055,-1
"1066",49056,0
"1067",49057,0
"1068",49058,0
"1069",49059,-1
"1070",49060,0
"1071",49666,0
"1072",49667,0
"1073",49668,0
"1074",49669,0
"1075",49670,0
"1076",49671,0
"1077",49672,0
"1078",49673,0
"1079",49674,0
"1080",49675,0
"1081",49676,0
"1082",49681,0
"1083",49682,0
"1084",49683,0
"1085",49684,0
"1086",49685,0
"1087",49686,0
"1088",49687,0
"1089",49688,0
"1090",49689,0
"1091",49690,0
"1092",49691,0
"1093",49692,0
"1094",49693,0
"1095",49694,0
"1096",49695,0
"1097",49696,0
"1098",49697,0
"1099",49698,0
"1100",49699,0
"1101",49700,0
"1102",49701,0
"1103",49702,0
"1104",49703,0
"1105",49704,0
"1106",49705,0
"1107",49706,0
"1108",49707,0
"1109",49708,0
"1110",49709,-1.0000000000002
"1111",49710,-1.0000000000001
"1112",49711,-1.0000000000001
"1113",49712,0
"1114",49713,0
"1115",49714,-1.0000000000001
"1116",49715,0
"1117",49716,0
"1118",49717,0
"1119",49718,-1.0000000000001
"1120",49719,0
"1121",49720,0
"1122",49721,0
"1123",49722,0
"1124",49723,0
"1125",49724,0
"1126",49725,0
"1127",49726,0
"1128",49727,0
"1129",49728,0
"1130",49729,-1.0000000000001
"1131",49730,0
"1132",49731,0
"1133",49732,0
"1134",49733,0
"1135",49734,0
"1136",49735,0
"1137",49736,0
"1138",49737,0
"1139",49738,0
"1140",49739,0
"1141",49740,0
"1142",49741,0
"1143",49742,0
"1144",49743,0
"1145",49744,0
"1146",49745,0
"1147",49746,0
"1148",49758,0
"1149",49759,0
"1150",49760,0
"1151",49761,0
"1152",49762,0
"1153",49763,0
"1154",49764,0
"1155",49765,0
"1156",49766,0
"1157",49767,0
"1158",49768,0
"1159",49769,0
"1160",49770,0
"1161",49771,0
"1162",49772,0
"1163",49773,0
"1164",49774,0
"1165",49775,0
"1166",49776,0
"1167",49777,0
"1168",49778,0
"1169",49779,0
"1170",49780,0
"1171",49781,0
"1172",50385,0
"1173",50386,0
"1174",50387,0
"1175",50388,0
"1176",50389,0
"1177",50390,0
"1178",50391,0
"1179",50392,0
"1180",50393,0
"1181",50394,0
"1182",50395,0
"1183",50396,0
"1184",50397,0
"1185",50398,0
"1186",50399,0
"1187",50400,0
"1188",50401,0
"1189",50402,0
"1190",50403,0
"1191",50404,0
"1192",50405,0
"1193",50406,0
"1194",50407,0
"1195",50408,0
"1196",50409,0
"1197",50410,0
"1198",50411,0
"1199",50412,0
"1200",50413,0
"1201",50414,0
"1202",50415,0
"1203",50416,0
"1204",50417,0
"1205",50418,0
"1206",50419,0
"1207",50420,0
"1208",50421,0
"1209",50422,0
"1210",50423,0
"1211",50424,0
"1212",50425,0
"1213",50426,0
"1214",50427,0
"1215",50428,-1.0000000000002
"1216",50429,0
"1217",50430,-1.0000000000002
"1218",50431,0
"1219",50432,0
"1220",50433,0
"1221",50434,0
"1222",50435,0
"1223",50436,0
"1224",50437,0
"1225",50438,0
"1226",50439,-1.0000000000001
"1227",50440,0
"1228",50441,0
"1229",50442,0
"1230",50443,-1.0000000000001
"1231",50444,-1.0000000000002
"1232",50445,0
"1233",50446,0
"1234",50447,0
"1235",50448,0
"1236",50449,0
"1237",50450,0
"1238",50451,0
"1239",50452,0
"1240",50453,0
"1241",50454,0
"1242",50455,0
"1243",50456,0
"1244",50457,0
"1245",50458,0
"1246",50459,0
"1247",50460,0
"1248",50461,0
"1249",50462,0
"1250",50463,0
"1251",50464,0
"1252",50479,0
"1253",50480,0
"1254",50481,0
"1255",50482,0
"1256",50483,0
"1257",50484,0
"1258",50485,0
"1259",50486,0
"1260",50487,0
"1261",50488,0
"1262",50489,0
"1263",50490,0
"1264",50491,0
"1265",50492,0
"1266",50493,-1
"1267",50494,0
"1268",50495,0
"1269",50496,-1
"1270",50497,0
"1271",50498,0
"1272",50499,0
"1273",50500,0
"1274",51103,0
"1275",51104,0
"1276",51105,0
"1277",51106,0
"1278",51107,0
"1279",51108,0
"1280",51109,0
"1281",51110,0
"1282",51111,0
"1283",51112,0
"1284",51113,0
"1285",51114,0
"1286",51115,0
"1287",51116,0
"1288",51117,0
"1289",51118,0
"1290",51119,0
"1291",51120,0
"1292",51121,0
"1293",51122,0
"1294",51123,0
"1295",51124,0
"1296",51125,0
"1297",51126,0
"1298",51127,0
"1299",51128,0
"1300",51129,0
"1301",51130,0
"1302",51131,0
"1303",51132,0
"1304",51133,0
"1305",51134,0
"1306",51135,0
"1307",51136,0
"1308",51137,0
"1309",51138,0
"1310",51139,0
"1311",51140,0
"1312",51141,0
"1313",51142,0
"1314",51143,0
"1315",51144,0
"1316",51145,0
"1317",51146,0
"1318",51147,0
"1319",51148,0
"1320",51149,0
"1321",51150,0
"1322",51151,0
"1323",51152,0
"1324",51153,0
"1325",51154,0
"1326",51155,0
"1327",51156,0
"1328",51157,0
"1329",51158,0
"1330",51159,0
"1331",51160,0
"1332",51161,0
"1333",51162,0
"1334",51163,0
"1335",51164,0
"1336",51165,0
"1337",51166,0
"1338",51167,0
"1339",51168,0
"1340",51169,0
"1341",51170,0
"1342",51171,0
"1343",51172,0
"1344",51173,0
"1345",51174,0
"1346",51175,0
"1347",51176,0
"1348",51177,0
"1349",51178,0
"1350",51179,0
"1351",51180,0
"1352",51181,0
"1353",51182,0
"1354",51201,0
"1355",51202,0
"1356",51203,0
"1357",51204,0
"1358",51205,0
"1359",51206,0
"1360",51207,0
"1361",51208,0
"1362",51209,0
"1363",51210,0
"1364",51211,0
"1365",51212,0
"1366",51213,0
"1367",51214,0
"1368",51215,0
"1369",51216,0
"1370",51217,0
"1371",51822,0
"1372",51823,0
"1373",51824,0
"1374",51825,0
"1375",51826,0
"1376",51827,0
"1377",51828,0
"1378",51829,0
"1379",51830,0
"1380",51831,0
"1381",51832,0
"1382",51833,0
"1383",51834,0
"1384",51835,0
"1385",51836,0
"1386",51837,0
"1387",51838,0
"1388",51839,0
"1389",51840,0
"1390",51841,0
"1391",51842,0
"1392",51843,0
"1393",51844,0
"1394",51845,0
"1395",51846,0
"1396",51847,0
"1397",51848,0
"1398",51849,0
"1399",51850,0
"1400",51851,0
"1401",51852,0
"1402",51853,0
"1403",51854,0
"1404",51855,0
"1405",51856,0
"1406",51857,0
"1407",51858,0
"1408",51859,0
"1409",51860,0
"1410",51861,0
"1411",51862,0
"1412",51863,0
"1413",51864,0
"1414",51865,0
"1415",51866,0
"1416",51867,0
"1417",51868,0
"1418",51869,0
"1419",51870,0
"1420",51871,0
"1421",51872,0
"1422",51873,0
"1423",51874,0
"1424",51875,0
"1425",51876,0
"1426",51877,0
"1427",51878,0
"1428",51879,0
"1429",51880,0
"1430",51881,0
"1431",51882,0
"1432",51883,0
"1433",51884,0
"1434",51885,0
"1435",51886,0
"1436",51887,0
"1437",51888,0
"1438",51889,0
"1439",51890,0
"1440",51891,0
"1441",51892,0
"1442",51893,0
"1443",51894,0
"1444",51895,0
"1445",51896,0
"1446",51897,0
"1447",51898,0
"1448",51899,0
"1449",51900,0
"1450",51922,0
"1451",51923,0
"1452",51924,0
"1453",51925,0
"1454",51926,0
"1455",51927,0
"1456",51928,0
"1457",51929,0
"1458",52541,0
"1459",52542,0
"1460",52543,0
"1461",52544,0
"1462",52545,0
"1463",52546,0
"1464",52547,0
"1465",52548,0
"1466",52549,0
"1467",52550,0
"1468",52551,0
"1469",52552,0
"1470",52553,0
"1471",52554,0
"1472",52555,0
"1473",52556,0
"1474",52557,0
"1475",52558,0
"1476",52559,0
"1477",52560,0
"1478",52561,0
"1479",52562,0
"1480",52563,0
"1481",52564,0
"1482",52565,0
"1483",52566,0
"1484",52567,0
"1485",52568,0
"1486",52569,0
"1487",52570,0
"1488",52571,0
"1489",52572,0
"1490",52573,0
"1491",52574,0
"1492",52575,0
"1493",52576,0
"1494",52577,0
"1495",52578,0
"1496",52579,0
"1497",52580,0
"1498",52581,0
"1499",52582,0
"1500",52583,0
"1501",52584,0
"1502",52585,0
"1503",52586,0
"1504",52587,0
"1505",52588,0
"1506",52589,0
"1507",52590,0
"1508",52591,0
"1509",52592,0
"1510",52593,0
"1511",52594,0
"1512",52595,0
"1513",52596,0
"1514",52597,0
"1515",52598,0
"1516",52599,0
"1517",52600,0
"1518",52601,0
"1519",52602,0
"1520",52603,0
"1521",52604,0
"1522",52605,0
"1523",52606,0
"1524",52607,0
"1525",52608,0
"1526",52609,0
"1527",52610,0
"1528",52611,0
"1529",52612,0
"1530",52613,0
"1531",52614,0
"1532",52615,0
"1533",52616,0
"1534",52617,0
"1535",52618,0
"1536",52643,0
"1537",53259,0
"1538",53260,0
"1539",53261,0
"1540",53262,0
"1541",53263,0
"1542",53264,0
"1543",53265,0
"1544",53266,0
"1545",53267,0
"1546",53268,0
"1547",53269,0
"1548",53270,0
"1549",53271,0
"1550",53272,0
"1551",53273,0
"1552",53274,0
"1553",53275,0
"1554",53276,0
"1555",53277,0
"1556",53278,0
"1557",53279,0
"1558",53280,0
"1559",53281,0
"1560",53282,0
"1561",53283,0
"1562",53284,0
"1563",53285,0
"1564",53286,0
"1565",53287,0
"1566",53288,0
"1567",53289,0
"1568",53290,0
"1569",53291,0
"1570",53292,0
"1571",53293,0
"1572",53294,0
"1573",53295,0
"1574",53296,0
"1575",53297,0
"1576",53298,-1.0000000000003
"1577",53299,0
"1578",53300,-1.0000000000002
"1579",53301,0
"1580",53302,0
"1581",53303,0
"1582",53304,0
"1583",53305,0
"1584",53306,0
"1585",53307,0
"1586",53308,0
"1587",53309,0
"1588",53310,0
"1589",53311,0
"1590",53312,0
"1591",53313,0
"1592",53314,0
"1593",53315,0
"1594",53316,0
"1595",53317,0
"1596",53318,0
"1597",53319,0
"1598",53320,0
"1599",53321,0
"1600",53322,0
"1601",53323,0
"1602",53324,0
"1603",53325,0
"1604",53326,0
"1605",53327,0
"1606",53328,0
"1607",53329,0
"1608",53330,0
"1609",53331,0
"1610",53332,0
"1611",53333,0
"1612",53334,0
"1613",53335,0
"1614",53336,0
"1615",53978,0
"1616",53979,0
"1617",53980,0
"1618",53981,0
"1619",53982,0
"1620",53983,0
"1621",53984,0
"1622",53985,0
"1623",53986,0
"1624",53987,0
"1625",53988,0
"1626",53989,0
"1627",53990,0
"1628",53991,0
"1629",53992,0
"1630",53993,0
"1631",53994,0
"1632",53995,0
"1633",53996,0
"1634",53997,0
"1635",53998,0
"1636",53999,0
"1637",54000,0
"1638",54001,0
"1639",54002,0
"1640",54003,0
"1641",54004,0
"1642",54005,0
"1643",54006,0
"1644",54007,0
"1645",54008,0
"1646",54009,0
"1647",54010,0
"1648",54011,0
"1649",54012,0
"1650",54013,-1.0000000000002
"1651",54014,0
"1652",54015,0
"1653",54016,0
"1654",54017,0
"1655",54018,-1.0000000000003
"1656",54019,-1.0000000000002
"1657",54020,0
"1658",54021,0
"1659",54022,0
"1660",54023,0
"1661",54024,0
"1662",54025,0
"1663",54026,0
"1664",54027,0
"1665",54028,0
"1666",54029,0
"1667",54030,0
"1668",54031,0
"1669",54032,0
"1670",54033,0
"1671",54034,0
"1672",54035,0
"1673",54036,0
"1674",54037,0
"1675",54038,0
"1676",54039,0
"1677",54040,0
"1678",54041,0
"1679",54042,0
"1680",54043,0
"1681",54044,0
"1682",54045,0
"1683",54046,0
"1684",54047,0
"1685",54048,0
"1686",54049,0
"1687",54050,0
"1688",54051,0
"1689",54052,0
"1690",54697,0
"1691",54698,0
"1692",54699,0
"1693",54700,0
"1694",54701,0
"1695",54702,0
"1696",54703,0
"1697",54704,0
"1698",54705,0
"1699",54706,0
"1700",54707,0
"1701",54708,0
"1702",54709,0
"1703",54710,0
"1704",54711,0
"1705",54712,0
"1706",54713,0
"1707",54714,-1.0000000000002
"1708",54715,0
"1709",54716,0
"1710",54717,0
"1711",54718,-1.0000000000003
"1712",54719,-1.0000000000001
"1713",54720,0
"1714",54721,0
"1715",54722,0
"1716",54723,0
"1717",54724,0
"1718",54725,-2.0000000000003
"1719",54726,0
"1720",54727,0
"1721",54728,0
"1722",54729,0
"1723",54730,0
"1724",54731,0
"1725",54732,0
"1726",54733,-1.0000000000003
"1727",54734,0
"1728",54735,0
"1729",54736,0
"1730",54737,0
"1731",54738,0
"1732",54739,0
"1733",54740,0
"1734",54741,0
"1735",54742,0
"1736",54743,0
"1737",54744,0
"1738",54745,0
"1739",54746,0
"1740",54747,0
"1741",54748,0
"1742",54749,0
"1743",54750,0
"1744",54751,0
"1745",54752,0
"1746",54753,0
"1747",54754,0
"1748",54755,0
"1749",54756,0
"1750",54757,0
"1751",54758,0
"1752",54759,0
"1753",54760,0
"1754",54761,0
"1755",54762,0
"1756",54763,0
"1757",54764,0
"1758",54765,0
"1759",54766,0
"1760",54767,0
"1761",54768,0
"1762",55416,0
"1763",55417,0
"1764",55418,0
"1765",55419,0
"1766",55420,0
"1767",55421,0
"1768",55422,0
"1769",55423,0
"1770",55424,0
"1771",55425,0
"1772",55426,0
"1773",55427,0
"1774",55428,0
"1775",55429,0
"1776",55430,0
"1777",55431,0
"1778",55432,0
"1779",55433,0
"1780",55434,0
"1781",55435,0
"1782",55436,0
"1783",55437,0
"1784",55438,0
"1785",55439,-1
"1786",55440,0
"1787",55441,0
"1788",55442,0
"1789",55443,0
"1790",55444,0
"1791",55445,0
"1792",55446,0
"1793",55447,0
"1794",55448,0
"1795",55449,0
"1796",55450,0
"1797",55451,0
"1798",55452,0
"1799",55453,0
"1800",55454,0
"1801",55455,0
"1802",55456,0
"1803",55457,0
"1804",55458,0
"1805",55459,0
"1806",55460,0
"1807",55461,0
"1808",55462,0
"1809",55463,0
"1810",55464,0
"1811",55465,0
"1812",55466,0
"1813",55467,0
"1814",55468,0
"1815",55469,0
"1816",55470,0
"1817",55471,0
"1818",55472,0
"1819",55473,0
"1820",55474,0
"1821",55475,0
"1822",55476,0
"1823",55477,0
"1824",55478,0
"1825",55479,0
"1826",55480,0
"1827",55481,0
"1828",55482,0
"1829",55483,0
"1830",55484,0
"1831",56136,0
"1832",56137,0
"1833",56138,0
"1834",56139,0
"1835",56140,0
"1836",56141,0
"1837",56142,0
"1838",56143,0
"1839",56144,0
"1840",56145,0
"1841",56146,0
"1842",56147,0
"1843",56148,0
"1844",56149,0
"1845",56150,0
"1846",56151,0
"1847",56152,0
"1848",56153,0
"1849",56154,0
"1850",56155,0
"1851",56156,0
"1852",56157,0
"1853",56158,0
"1854",56159,0
"1855",56160,0
"1856",56161,0
"1857",56162,0
"1858",56163,0
"1859",56164,0
"1860",56165,0
"1861",56166,0
"1862",56167,0
"1863",56168,0
"1864",56169,0
"1865",56170,0
"1866",56171,0
"1867",56172,0
"1868",56173,0
"1869",56174,0
"1870",56175,0
"1871",56176,0
"1872",56177,0
"1873",56178,0
"1874",56179,0
"1875",56180,0
"1876",56181,0
"1877",56182,0
"1878",56183,0
"1879",56184,0
"1880",56185,0
"1881",56186,0
"1882",56187,0
"1883",56188,0
"1884",56189,0
"1885",56190,0
"1886",56191,0
"1887",56192,0
"1888",56193,0
"1889",56194,0
"1890",56195,0
"1891",56196,0
"1892",56197,0
"1893",56857,0
"1894",56858,0
"1895",56859,0
"1896",56860,0
"1897",56861,0
"1898",56862,0
"1899",56863,0
"1900",56864,0
"1901",56865,0
"1902",56866,0
"1903",56867,0
"1904",56868,0
"1905",56869,0
"1906",56870,0
"1907",56871,0
"1908",56872,0
"1909",56873,0
"1910",56874,0
"1911",56875,0
"1912",56876,0
"1913",56877,0
"1914",56878,0
"1915",56879,0
"1916",56880,0
"1917",56881,0
"1918",56882,0
"1919",56883,0
"1920",56884,0
"1921",56885,0
"1922",56886,0
"1923",56887,0
"1924",56888,0
"1925",56889,0
"1926",56890,0
"1927",56891,0
"1928",56892,0
"1929",56893,0
"1930",56894,0
"1931",56895,0
"1932",56896,0
"1933",56897,0
"1934",56898,0
"1935",56899,0
"1936",56900,0
"1937",56901,0
"1938",56902,0
"1939",56903,0
"1940",56904,0
"1941",56905,0
"1942",56906,0
"1943",56907,0
"1944",56908,0
"1945",56909,0
"1946",56910,0
"1947",56911,0
"1948",56912,0
"1949",57578,0
"1950",57579,0
"1951",57580,0
"1952",57581,0
"1953",57582,0
"1954",57583,0
"1955",57584,0
"1956",57585,0
"1957",57586,0
"1958",57587,0
"1959",57588,0
"1960",57589,0
"1961",57590,0
"1962",57591,0
"1963",57592,0
"1964",57593,0
"1965",57594,0
"1966",57595,0
"1967",57596,0
"1968",57597,0
"1969",57598,0
"1970",57599,0
"1971",57600,0
"1972",57601,0
"1973",57602,0
"1974",57603,0
"1975",57604,0
"1976",57605,0
"1977",57606,0
"1978",57607,0
"1979",57608,0
"1980",57609,0
"1981",57610,0
"1982",57611,0
"1983",57612,0
"1984",57613,0
"1985",57614,0
"1986",57615,0
"1987",57616,0
"1988",57617,0
"1989",57618,0
"1990",57619,0
"1991",57620,0
"1992",57621,0
"1993",57622,0
"1994",57623,0
"1995",57624,0
"1996",57625,0
"1997",57626,0
"1998",57627,0
"1999",57628,0
"2000",58300,0
"2001",58301,0
"2002",58302,0
"2003",58303,0
"2004",58304,0
"2005",58305,0
"2006",58306,0
"2007",58307,0
"2008",58308,0
"2009",58309,0
"2010",58310,0
"2011",58311,0
"2012",58312,0
"2013",58313,0
"2014",58314,0
"2015",58315,0
"2016",58316,0
"2017",58317,0
"2018",58318,0
"2019",58319,0
"2020",58320,0
"2021",58321,0
"2022",58322,0
"2023",58323,0
"2024",58324,0
"2025",58325,0
"2026",58326,0
"2027",58327,0
"2028",58328,0
"2029",58329,0
"2030",58330,0
"2031",58331,0
"2032",58332,0
"2033",58333,0
"2034",58334,0
"2035",58335,0
"2036",58336,0
"2037",58337,0
"2038",58338,0
"2039",58339,0
"2040",58340,0
"2041",58341,0
"2042",58342,0
"2043",58343,0
"2044",58344,0
"2045",59022,0
"2046",59023,0
"2047",59024,0
"2048",59025,0
"2049",59026,0
"2050",59027,0
"2051",59028,0
"2052",59029,0
"2053",59030,0
"2054",59031,0
"2055",59032,0
"2056",59033,0
"2057",59034,0
"2058",59035,0
"2059",59036,0
"2060",59037,0
"2061",59038,0
"2062",59039,0
"2063",59040,0
"2064",59041,0
"2065",59042,0
"2066",59043,0
"2067",59044,0
"2068",59045,0
"2069",59046,0
"2070",59047,0
"2071",59048,0
"2072",59049,0
"2073",59050,0
"2074",59051,0
"2075",59052,0
"2076",59053,0
"2077",59054,0
"2078",59055,0
"2079",59056,0
"2080",59057,0
"2081",59058,0
"2082",59059,0
"2083",59750,0
"2084",59751,0
"2085",59752,0
"2086",59753,0
"2087",59754,0
"2088",59755,0
"2089",59756,0
"2090",59757,0
"2091",59758,0
"2092",59759,0
"2093",59760,0
"2094",59761,0
"2095",59762,0
"2096",59763,0
"2097",59764,0
"2098",59765,0
"2099",59766,0
"2100",59767,0
"2101",59768,0
"2102",59769,0
"2103",59770,0
"2104",59771,0
"2105",60474,0
"2106",60475,0
"2107",60476,0
"2108",60477,0
"2109",60478,0
"2110",60479,0
"2111",60480,0
"2112",60481,0
"2113",60482,0
"2114",60483,0
"2115",60484,0
"2116",60485,0
"2117",61200,0
